GLIMMER (ver. 3.02; iterated)  predictions:
 orfID      start     end  frame  score
--------    -----    -----  --    -----
>gi|402552294|ref|NC_018498.1| Mycoplasma genitalium M2288 chromosome, complete genome
orf00001   579286        3  +1     3.43
orf00002      686     1828  +2     6.03
orf00003     1828     2760  +1     7.24
orf00004     2845     4797  +1    11.93
orf00005     4812     7322  +3     7.97
orf00007     7294     8547  +1    12.03
orf00008     8551     9183  +1     9.90
orf00009     9156     9920  +3     7.72
orf00010     9923    11251  +2    10.72
orf00012    11251    12039  +1     9.29
orf00013    12068    12724  +2     7.78
orf00014    13564    12701  -2     8.72
orf00015    14432    13569  -3     7.38
orf00016    15216    14395  -1     6.38
orf00017    15555    17426  +3     9.32
orf00018    17473    19242  +1     7.46
orf00020    19252    22347  +1    10.92
orf00021    22389    23558  +3    11.05
orf00022    23542    24468  +1    12.00
orf00023    24468    26006  +3     8.35
orf00024    26036    26473  +2     9.51
orf00026    26500    27345  +1    13.70
orf00028    27346    28449  +1    11.85
orf00029    28730    29548  +2     7.84
orf00031    29561    30124  +2    13.00
orf00032    30093    30548  +3     8.76
orf00033    30548    31153  +2     9.69
orf00035    31670    31143  -3     8.28
orf00036    32235    31705  -1     9.84
orf00037    36714    32359  -1    11.30
orf00038    36979    37287  +1     3.23
orf00039    37244    38635  +2    11.44
orf00040    38791    38979  +1     6.17
orf00041    39125    39901  +2    10.73
orf00042    40511    39870  -3    11.36
orf00043    40540    41784  +1    10.84
orf00044    41756    43426  +2     9.89
orf00045    43516    43650  +1    12.69
orf00047    43644    44750  +3     8.14
orf00048    46273    44747  -2    11.37
orf00049    47418    46264  -1    11.75
orf00051    47577    49352  +3    12.11
orf00052    49373    49639  +2    11.33
orf00053    49837    51516  +1    12.33
orf00054    51593    52378  +2     9.61
orf00056    52362    53216  +3     5.11
orf00058    53201    54652  +2    12.20
orf00059    54654    55601  +3    10.65
orf00060    55585    56736  +1    10.37
orf00062    56712    56969  +3     5.25
orf00063    58276    56966  -2     9.81
orf00064    58281    59075  +3     7.08
orf00065    59079    59750  +3    12.16
orf00066    59737    61002  +1    13.07
orf00068    61011    61403  +3     4.68
orf00069    61403    63055  +2    10.41
orf00070    63982    63032  -2    13.00
orf00071    64357    63986  -2     6.38
orf00072    64673    64524  -3     6.93
orf00073    64908    64747  -1    11.85
orf00074    65728    64895  -2     8.95
orf00075    66246    65710  -1    10.02
orf00076    67223    66225  -3    10.77
orf00077    67641    67204  -1     8.38
orf00078    67648    68541  +1     8.36
orf00080    70223    68520  -3     8.77
orf00081    70528    72570  +1    10.05
orf00082    72521    73432  +2     7.79
orf00083    73521    73646  +3    11.59
orf00085    73688    77683  +2    10.93
orf00086    77683    79083  +1    13.00
orf00087    79087    81033  +1    11.38
orf00088    81044    82594  +2    11.40
orf00089    82618    84042  +1     9.27
orf00090    84209    84066  -3     3.42
orf00091    84548    85552  +2     6.15
orf00093    86135    85992  -3    11.27
orf00094    86128    86616  +1     4.49
orf00096    86821    87597  +1    15.09
orf00097    87656    87841  +2     3.27
orf00099    87933    88205  +3     7.52
orf00101    88226    90952  +2    12.49
orf00102    91063    91917  +1    13.30
orf00104    91922    94546  +2    12.18
orf00105    94533    96956  +3    13.12
orf00106    96931    98901  +1    11.72
orf00107    99042    99317  +3     9.94
orf00108    99381   102452  +3    12.24
orf00109   102865   102449  -2     8.88
orf00110   103154   104320  +2    11.46
orf00111   104313   105443  +3    11.06
orf00113   105445   106653  +1    12.55
orf00114   106653   109199  +3    11.66
orf00115   109255   109668  +1    13.23
orf00116   109668   110348  +3    15.72
orf00117   110348   110917  +2     7.79
orf00118   110910   111782  +3    10.84
orf00119   111783   112718  +3    14.17
orf00120   112711   113859  +1    10.19
orf00121   113888   114307  +2     8.55
orf00122   114324   114791  +3    13.57
orf00125   114801   116867  +3    14.87
orf00126   116919   117545  +3    12.95
orf00127   117546   118028  +3    11.17
orf00128   118021   118335  +1     7.99
orf00129   118350   118790  +3    13.16
orf00131   118774   120180  +1    12.99
orf00132   120184   121380  +1    12.11
orf00134   121564   123516  +1    11.93
orf00135   123579   124310  +3     9.60
orf00136   124410   125843  +3    10.70
orf00138   125846   127279  +2    12.96
orf00140   127272   128705  +3     9.89
orf00141   128680   129348  +1     6.97
orf00142   129350   130288  +2    13.36
orf00143   130278   131120  +3    10.25
orf00144   131163   131375  +3     6.66
orf00145   131378   133555  +2    11.52
orf00146   133563   134165  +3    11.41
orf00148   134721   134140  -1     9.67
orf00149   134762   135331  +2     9.29
orf00150   135331   136113  +1    12.24
orf00152   136098   137261  +3    11.41
orf00154   137248   138084  +1     7.63
orf00155   138105   139400  +3    10.86
orf00156   139390   140019  +1    11.90
orf00158   140033   141403  +2     9.05
orf00159   141378   142049  +3     5.92
orf00161   142074   142547  +3     9.70
orf00162   142556   143311  +2    10.50
orf00163   143304   143948  +3     6.16
orf00164   143929   144951  +1     8.07
orf00166   144966   146660  +3    10.22
orf00167   146667   148229  +3     9.14
orf00169   148232   149152  +2    10.18
orf00171   149192   151321  +2    11.62
orf00173   151299   152714  +3    11.49
orf00174   152761   153069  +1    12.59
orf00175   153075   153932  +3    11.19
orf00176   154956   153913  -1    12.85
orf00178   154992   155429  +3     8.15
orf00179   155437   156216  +1    11.87
orf00180   156216   156569  +3    10.43
orf00181   156559   158013  +1    11.02
orf00182   158016   158303  +3     1.06
orf00183   158317   158598  +1     8.36
orf00184   159000   158575  -1    10.04
orf00186   159764   159138  -3     4.60
orf00187   159784   160086  +1    11.40
orf00188   160900   160058  -2     6.97
orf00189   160949   162421  +2    11.32
orf00190   162408   163577  +3     9.74
orf00191   163577   165373  +2    11.77
orf00192   165457   167166  +1    11.84
orf00193   167194   167595  +1     1.71
orf00194   167723   167592  -3     8.18
orf00196   167712   167969  +3     2.89
orf00197   167995   168168  +1     5.15
orf00198   168385   169008  +1    12.33
orf00199   169052   169237  +2    10.03
orf00203   169427   169651  +2     2.62
orf00204   169845   169693  -1     2.94
orf00206   171418   171579  +1     1.56
orf00208   173801   173652  -3     1.29
orf00209   174405   174262  -1     2.01
orf00210   174725   175042  +2    10.06
orf00211   175014   175139  +3     2.60
orf00213   175112   175390  +2     2.42
orf00214   175374   175493  +3     4.63
orf00215   175631   178972  +2    11.77
orf00216   179050   180570  +1    15.22
orf00219   180570   180842  +3    11.61
orf00220   180829   182688  +1    15.21
orf00221   182675   183013  +2     8.41
orf00222   183038   183880  +2    13.18
orf00223   183880   184689  +1    11.71
orf00224   184702   185976  +1    11.27
orf00226   185963   187090  +2     9.59
orf00227   187129   188358  +1    12.76
orf00228   188434   189270  +1    10.07
orf00229   189310   189774  +1     8.23
orf00230   189864   190184  +3    10.21
orf00232   190188   190961  +3    13.77
orf00234   190961   191596  +2    15.27
orf00235   191600   191920  +2    12.70
orf00236   191920   192777  +1    11.20
orf00238   192777   193040  +3     8.40
orf00239   193043   193477  +2    10.39
orf00241   193480   194286  +1    13.81
orf00242   194292   194708  +3     9.14
orf00243   194708   195133  +2     9.39
orf00244   195297   195554  +3     8.46
orf00245   195558   195926  +3     9.89
orf00246   195926   196252  +2    14.63
orf00248   196258   196800  +1     8.49
orf00249   196803   196988  +3     6.69
orf00250   196982   197407  +2    11.58
orf00252   197414   197968  +2    10.28
orf00253   197970   198317  +3     9.07
orf00254   198322   198957  +1    15.66
orf00255   198963   199415  +3     8.92
orf00256   199415   200842  +2    12.19
orf00258   200836   201480  +1    13.24
orf00259   201483   202229  +3    11.72
orf00260   202229   202441  +2    10.67
orf00261   202452   202565  +3     3.97
orf00262   202565   202939  +2     8.68
orf00263   202939   203304  +1     6.45
orf00265   203320   204306  +1    12.26
orf00266   204319   204690  +1    10.05
orf00267   204677   205501  +2    13.61
orf00269   205486   206400  +1    11.86
orf00270   206393   207655  +2    10.73
orf00271   207648   208382  +3     7.21
orf00273   208372   210195  +1     9.92
orf00275   210196   211149  +1    11.69
orf00276   211276   211130  -2     4.48
orf00277   211249   213354  +1    13.29
orf00278   213390   213896  +3     4.43
orf00280   213878   214372  +2     3.62
orf00282   214682   214533  -3     2.98
orf00283   214660   215325  +1    12.22
orf00285   215554   215679  +1     2.78
orf00286   215814   216566  +3    13.53
orf00288   216559   218316  +1    14.93
orf00289   218439   218323  -1     1.73
orf00290   218442   219308  +3     6.01
orf00291   219280   220236  +1     4.81
orf00293   220238   220393  +2     7.57
orf00294   220402   221358  +1     9.04
orf00297   221365   225744  +1     7.50
orf00299   225746   228892  +2    13.72
orf00302   228993   229160  +3     7.89
orf00303   229387   229521  +1     2.93
orf00305   229383   229261  -1     4.98
orf00307   229827   229693  -1     7.42
orf00310   229986   230315  +3     6.93
orf00311   230466   231056  +3    12.20
orf00313   231084   231407  +3     0.75
orf00315   231845   232870  +2    12.17
orf00316   232874   235294  +2    12.73
orf00318   235353   235898  +3     9.72
orf00320   235901   236080  +2     8.81
orf00321   236083   236457  +1    10.25
orf00323   237136   236429  -2    13.47
orf00324   237183   237578  +3    15.20
orf00325   237608   238987  +2    15.72
orf00326   238999   239652  +1    13.43
orf00327   239662   240030  +1     8.52
orf00328   240158   242059  +2    12.58
orf00330   242059   244404  +1    13.68
orf00332   245432   244401  -3    13.49
orf00333   245468   247261  +2    12.88
orf00334   247242   247373  +3     6.12
orf00335   247381   247749  +1     9.31
orf00336   248332   247742  -2    10.29
orf00337   249242   248316  -3    10.95
orf00338   249787   249242  -2     6.32
orf00339   249988   250647  +1    10.48
orf00340   250647   250835  +3     6.55
orf00341   250837   251280  +1    14.55
orf00343   251283   251627  +3    11.12
orf00344   251620   252426  +1     9.50
orf00345   252392   253834  +2    10.47
orf00346   253818   254441  +3    13.25
orf00347   254460   255431  +3    12.70
orf00349   255434   256960  +2    11.72
orf00350   257880   258998  +3    16.70
orf00353   259016   264433  +2    12.70
orf00356   264436   264948  +1    11.21
orf00358   264996   265388  +3    13.04
orf00359   265381   265833  +1    13.61
orf00360   266070   265789  -1     6.79
orf00361   266380   266805  +1    10.71
orf00362   266795   267724  +2    12.64
orf00363   267726   268961  +3    13.22
orf00364   268964   270073  +2    13.22
orf00365   270119   271588  +2     7.78
orf00367   271554   273032  +3     8.85
orf00368   273180   273034  -1     9.71
orf00370   273169   273438  +1     3.05
orf00371   273508   274371  +1    11.28
orf00372   274371   274853  +3     8.07
orf00374   274859   275881  +2    10.14
orf00375   275885   276346  +2     7.35
orf00376   276365   278530  +2    11.48
orf00377   278623   278925  +1    10.35
orf00378   278918   279217  +2     9.88
orf00379   279210   279524  +3     8.99
orf00380   279517   280392  +1    12.27
orf00381   280382   280804  +2     7.55
orf00382   280797   281681  +3    13.14
orf00383   281711   283045  +2    14.38
orf00384   283114   285501  +1    13.35
orf00385   286550   285498  -3    11.85
orf00387   286603   288465  +1     7.91
orf00388   288471   290363  +3    10.08
orf00389   290366   291046  +2     8.37
orf00390   291052   293163  +1    11.40
orf00391   293166   293663  +3    10.93
orf00392   293656   294501  +1    12.44
orf00394   295204   294485  -2     4.65
orf00395   295847   295191  -3     9.19
orf00396   297324   295831  -1    12.02
orf00398   299192   297369  -3    10.56
orf00400   300522   299182  -1     9.21
orf00401   301270   300542  -2    10.53
orf00403   302559   301273  -1    10.42
orf00404   304540   302564  -2    11.77
orf00406   304719   306371  +3     7.76
orf00407   306538   307308  +1     9.30
orf00409   307354   307647  +1     5.06
orf00410   307647   308726  +3    13.50
orf00411   308727   310097  +3     9.87
orf00413   310228   312525  +1    12.13
orf00414   312563   312967  +2     5.38
orf00415   313085   313213  +2     3.89
orf00416   313092   312964  -1     2.81
orf00417   313215   313598  +3     4.14
orf00418   313926   314636  +3    11.94
orf00419   314591   314863  +2     2.11
orf00422   315172   315402  +1    10.97
orf00423   315406   318030  +1    10.97
orf00424   318037   318912  +1    12.97
orf00425   318912   319766  +3    10.54
orf00426   319882   320757  +1    12.38
orf00428   322119   321283  -1     8.93
orf00429   324516   322138  -1    10.24
orf00430   324864   324517  -1     7.33
orf00431   325584   324898  -1    10.80
orf00432   326757   325735  -1    13.89
orf00433   327136   326750  -2    14.29
orf00436   328148   327138  -3    11.30
orf00438   329532   328159  -1    13.81
orf00439   330690   329536  -1    14.67
orf00441   331921   330941  -2    11.58
orf00442   333015   331939  -1    11.89
orf00443   334479   333043  -1    12.43
orf00445   335104   334562  -2    14.00
orf00447   338030   335118  -3     7.76
orf00448   338073   340235  +3    11.04
orf00449   340846   340232  -2    11.78
orf00450   341678   340881  -3    12.49
orf00451   343409   341739  -3    13.14
orf00452   344556   344071  -1    10.70
orf00453   344737   344871  +1     9.69
orf00454   344888   346339  +2    11.66
orf00455   346560   346958  +3     3.72
orf00456   346921   347964  +1     9.59
orf00457   347967   348557  +3    10.73
orf00458   348589   348873  +1     8.94
orf00459   348987   349388  +3     5.05
orf00460   349519   349385  -2     6.89
orf00462   349825   350016  +1     7.70
orf00463   350185   351222  +1    14.40
orf00465   351254   351523  +2     6.49
orf00466   353384   351489  -3     9.23
orf00468   353726   354832  +2     7.68
orf00469   354822   355559  +3    10.07
orf00470   355549   357180  +1     6.77
orf00471   357593   357177  -3     8.29
orf00472   360296   357597  -3    10.29
orf00474   361089   360430  -1    10.55
orf00476   362500   361082  -2     8.91
orf00477   363436   362624  -2     9.26
orf00478   363726   363469  -1    10.60
orf00479   364118   363729  -3     7.87
orf00480   365278   364238  -2    13.17
orf00481   366322   365285  -2    16.48
orf00482   368232   366331  -1    13.62
orf00483   369397   368435  -2    15.15
orf00484   370650   369415  -1    12.50
orf00486   371665   370652  -2    11.10
orf00487   372649   371696  -2     8.40
orf00488   373701   372628  -1    12.39
orf00489   374495   373683  -3    10.04
orf00492   376408   374621  -2    12.88
orf00494   377676   376495  -1    10.65
orf00495   381209   377676  -3    12.59
orf00497   382426   381194  -2     8.92
orf00498   384217   382433  -2     9.28
orf00499   386054   384168  -3    10.48
orf00500   386168   386974  +2    11.14
orf00501   387598   386981  -2     9.27
orf00502   389756   387621  -3    12.76
orf00504   391045   390488  -2    12.97
orf00505   391968   391105  -1    10.21
orf00506   393344   392013  -3    10.93
orf00507   394085   393438  -3     8.94
orf00508   395295   394186  -1     5.54
orf00510   397135   395336  -2     9.01
orf00511   397992   397150  -1    10.21
orf00514   398503   398009  -2    10.15
orf00515   399509   398649  -3     9.08
orf00516   402455   402649  +2     5.83
orf00517   402474   399829  -1    12.68
orf00518   402848   402705  -3     4.41
orf00520   405127   403430  -2     9.35
orf00521   405163   405846  +1    15.34
orf00523   407446   406682  -2     7.84
orf00524   408500   407436  -3     9.13
orf00526   409565   408678  -3    11.78
orf00527   410384   409578  -3     7.64
orf00529   412641   410371  -1    14.79
orf00531   414026   412680  -3    11.61
orf00532   414683   414030  -3    10.86
orf00533   415330   414692  -2    10.50
orf00534   416037   415318  -1    12.62
orf00535   416637   416044  -1    11.35
orf00536   419187   416674  -1     9.34
orf00537   419752   419177  -2     8.05
orf00538   419981   419760  -3     8.81
orf00539   420040   421065  +1     6.98
orf00540   421174   422400  +1     9.00
orf00541   422404   422820  +1    10.11
orf00542   425461   422807  -2    10.33
orf00544   426624   425509  -1    11.90
orf00545   427824   426802  -1     9.19
orf00546   428019   429368  +3     9.98
orf00547   429373   429879  +1     2.73
orf00550   429905   430081  +2     3.21
orf00551   433956   430078  -1    11.37
orf00552   438138   433966  -1    12.28
orf00553   438704   438228  -3     8.99
orf00554   439853   438813  -3     9.11
orf00555   440678   439857  -3     7.87
orf00556   443376   440689  -1     9.35
orf00557   443420   443920  +2     4.81
orf00558   443911   444543  +1    10.93
orf00559   445662   444694  -1    11.17
orf00560   446068   445919  -2     2.54
orf00561   446114   447283  +2     9.16
orf00562   447283   448218  +1     8.12
orf00563   449110   448436  -2     5.73
orf00564   449158   449712  +1     7.86
orf00565   449715   450215  +3     7.20
orf00566   450541   450212  -2     4.74
orf00567   450690   451103  +3     7.53
orf00568   453250   451106  -2    10.43
orf00569   454246   453404  -2     8.39
orf00570   455440   454259  -2    11.20
orf00571   455547   455756  +3     4.46
orf00572   456125   456244  +2     3.32
orf00573   456247   456864  +1     9.19
orf00574   456839   457762  +2     6.81
orf00575   458987   457752  -3     8.23
orf00576   459107   459595  +2     7.98
orf00577   459618   459986  +3    14.98
orf00579   460443   460177  -1    10.44
orf00581   460507   461181  +1    11.26
orf00582   461174   462109  +2     7.02
orf00583   462111   463478  +3     7.33
orf00584   463706   464113  +2     6.72
orf00585   464925   464137  -1    10.41
orf00586   465901   464915  -2     7.40
orf00587   467541   465901  -1     7.43
orf00588   468614   467643  -3     4.95
orf00590   469575   468601  -1     6.00
orf00591   470725   469568  -2    10.40
orf00592   471557   470712  -3     9.43
orf00593   472382   471558  -3     4.18
orf00594   474069   472375  -1     5.89
orf00595   474383   474069  -3     3.22
orf00596   474970   474389  -2    13.45
orf00597   476630   475017  -3     9.03
orf00598   476659   478497  +1     9.89
orf00599   478490   479068  +2     7.34
orf00600   479061   479717  +3     5.08
orf00602   480182   480823  +2     7.36
orf00603   481566   480820  -1    10.50
orf00604   482860   481559  -2    10.22
orf00605   483384   482860  -1     3.09
orf00606   484190   483480  -3     4.60
orf00608   489043   484193  -2    11.13
orf00609   490200   489328  -1     9.08
orf00611   490652   490188  -3     3.01
orf00612   491019   490636  -1     4.04
orf00613   493005   491023  -1     9.72
orf00615   494456   493113  -3    10.29
orf00617   496104   494473  -1    13.45
orf00619   496419   496117  -1    10.13
orf00620   497795   496575  -3    10.71
orf00621   499376   497805  -3    10.43
orf00623   499766   499485  -3     8.10
orf00624   500205   499747  -1     8.28
orf00625   501906   500206  -1     8.30
orf00626   502309   501908  -2    10.59
orf00627   503744   502314  -3    12.03
orf00628   504585   503746  -1     8.58
orf00629   506141   504585  -3    11.06
orf00630   506687   506157  -3     8.26
orf00631   507306   506680  -1    10.75
orf00632   507617   507309  -3    10.95
orf00633   508498   507620  -2     7.48
orf00634   508525   508668  +1     4.79
orf00636   508684   508956  +1     7.02
orf00637   510322   508946  -2    11.69
orf00638   510389   510862  +2     6.70
orf00640   511536   510859  -1     5.67
orf00641   512528   511539  -3     9.10
orf00643   514477   512513  -2     6.93
orf00644   515583   514477  -1    10.04
orf00645   518841   515731  -1     7.43
orf00646   520900   518906  -2     9.41
orf00647   521354   520956  -3     7.41
orf00648   521800   521360  -2     6.94
orf00649   523631   521838  -3    10.55
orf00650   526495   523637  -2    10.10
orf00651   528980   526473  -3     7.96
orf00652   530703   529018  -1    10.58
orf00653   530966   530706  -3     5.46
orf00654   531155   532504  +2     8.65
orf00655   532527   532721  +3     2.39
orf00657   532757   533182  +2     4.26
orf00658   533293   533808  +1     3.86
orf00659   535523   533805  -3    11.92
orf00660   537050   535527  -3    10.31
orf00662   537777   537043  -1    11.10
orf00663   539033   537837  -3     9.06
orf00664   539149   540015  +1    13.57
orf00665   539996   540727  +2    12.49
orf00666   540727   541278  +1     8.94
orf00667   541279   542472  +1     8.30
orf00668   542492   543643  +2     9.37
orf00670   544866   544048  -1    10.03
orf00671   545690   544866  -3     8.40
orf00673   545666   545794  +2     3.65
orf00674   546194   545784  -3     2.29
orf00675   547132   546365  -2    10.11
orf00676   548246   547149  -3     8.15
orf00677   548236   548355  +1     5.62
orf00678   548711   548352  -3    10.21
orf00679   549390   548695  -1     9.25
orf00681   549659   549390  -3     3.35
orf00682   550703   550287  -3     6.29
orf00684   551930   550815  -3     9.34
orf00685   552383   551931  -3     9.59
orf00686   553033   552347  -2     9.11
orf00687   553915   553043  -2     8.77
orf00688   555102   553918  -1    13.66
orf00689   555185   555940  +2     4.90
orf00691   555925   556803  +1    13.69
orf00692   557215   556793  -2    10.44
orf00693   557248   558414  +1    11.64
orf00694   559431   558427  -1    10.50
orf00695   560000   559419  -3     7.53
orf00696   562086   559984  -1    13.10
orf00697   562245   562087  -1     6.46
orf00698   562791   562264  -1     8.25
orf00700   563302   562793  -2     8.35
orf00702   563475   564413  +3    11.98
orf00703   565687   564410  -2     9.68
orf00704   567122   565668  -3    11.17
orf00705   567888   567109  -1     6.84
orf00706   569038   567881  -2     9.58
orf00708   569375   569010  -3     3.69
orf00709   569511   569365  -1    10.06
orf00710   570472   569537  -2    10.28
orf00711   575827   570476  -2    11.03
orf00712   576687   575833  -1     9.82
orf00713   578063   576750  -3     8.94
orf00714   578716   578063  -2     7.78
orf00715   579323   578706  -3     5.03