GLIMMER (ver. 3.02; iterated)  predictions:
 orfID      start     end  frame  score
--------    -----    -----  --    -----
>gi|402550799|ref|NC_018495.1| Mycoplasma genitalium M2321 chromosome, complete genome
orf00001   579705        3  +1     3.58
orf00003      686     1828  +2     5.67
orf00004     1828     2760  +1     7.35
orf00005     2845     4797  +1    11.83
orf00007     4812     7322  +3     7.77
orf00009     7294     8547  +1    11.98
orf00010     8551     9183  +1     9.81
orf00011     9156     9920  +3     7.12
orf00012     9923    11251  +2    10.46
orf00014    11251    12039  +1     9.12
orf00015    12068    12724  +2     8.14
orf00016    13564    12701  -2     8.70
orf00017    14432    13569  -3     7.26
orf00018    15216    14395  -1     6.34
orf00019    15555    17426  +3     9.41
orf00020    17473    19242  +1     7.72
orf00022    19252    22347  +1    10.62
orf00023    22389    23558  +3    11.77
orf00024    23542    24468  +1    12.20
orf00025    24468    26006  +3     7.74
orf00026    26036    26473  +2     9.51
orf00028    26500    27345  +1    14.15
orf00030    27346    28449  +1    11.75
orf00031    28730    28909  +2     6.84
orf00032    28975    29547  +1     7.01
orf00034    29560    30123  +1    13.50
orf00035    30104    30547  +2     9.23
orf00036    30547    31152  +1     9.43
orf00038    31702    31142  -2     7.71
orf00039    32324    31704  -3     8.68
orf00040    36713    32358  -3    10.98
orf00041    36976    38976  +1    10.86
orf00042    39126    39902  +3    10.22
orf00043    40512    39871  -1    10.95
orf00044    40541    41785  +2    10.57
orf00045    41757    43427  +3    10.28
orf00046    43517    43651  +2    12.33
orf00048    43645    44751  +1     8.07
orf00049    46274    44748  -3    10.82
orf00050    47419    46265  -2    11.93
orf00052    47578    49353  +1    12.22
orf00053    49374    49640  +3    11.48
orf00054    49838    51517  +2    12.36
orf00055    51594    52379  +3    10.10
orf00057    52363    53217  +1     5.87
orf00058    53202    54653  +3    12.30
orf00059    54655    55602  +1    10.43
orf00060    55586    56737  +2     9.98
orf00062    56713    56970  +1     6.23
orf00063    58307    56967  -3    10.20
orf00064    58411    58893  +1     7.89
orf00065    58902    59075  +3    10.45
orf00066    59079    59750  +3    11.54
orf00067    59737    61002  +1    12.88
orf00069    61011    61403  +3     4.19
orf00070    61403    63055  +2    10.36
orf00071    63982    63032  -2    12.72
orf00072    64357    63986  -2     6.12
orf00073    64907    64524  -3     7.73
orf00074    65727    64894  -1     8.66
orf00075    66245    65709  -3    10.28
orf00076    67222    66224  -2    10.63
orf00077    67640    67203  -3     8.15
orf00078    67647    68540  +3     8.37
orf00080    70222    68519  -2     8.95
orf00081    70527    72569  +3    10.38
orf00082    72529    73431  +1     7.85
orf00084    73520    73645  +2    11.01
orf00085    73687    77682  +1    11.08
orf00086    77682    79082  +3    12.63
orf00087    79086    81032  +3    11.77
orf00088    81043    82593  +1    11.32
orf00090    82617    84041  +3     9.33
orf00092    84079    84405  +1     3.67
orf00093    84548    85552  +2     6.75
orf00095    85595    85993  +2     5.57
orf00096    86243    85950  -3     8.19
orf00097    86260    86610  +1     4.98
orf00099    86821    87624  +1    11.48
orf00100    87638    87751  +2     6.75
orf00101    87914    87801  -3     0.59
orf00102    87913    88185  +1     6.70
orf00105    88206    90932  +3    13.04
orf00106    91043    91897  +2    12.59
orf00108    91902    94526  +3    12.27
orf00109    94513    96933  +1    13.16
orf00110    96911    98881  +2    11.77
orf00111    99022    99297  +1    10.25
orf00112    99361   102435  +1    11.71
orf00113   102848   102432  -3     8.51
orf00114   103138   104304  +1    11.98
orf00115   104297   105427  +2    11.43
orf00117   105429   106637  +3    12.04
orf00118   106637   109183  +2    11.88
orf00119   109239   109652  +3    14.03
orf00120   109652   110332  +2    15.86
orf00121   110332   110901  +1     7.54
orf00122   110894   111766  +2    10.92
orf00123   111767   112702  +2    13.61
orf00124   112695   113843  +3    10.20
orf00125   113872   114291  +1     9.12
orf00126   114308   114775  +2    13.78
orf00129   114785   116851  +2    14.62
orf00130   116903   117529  +2    12.84
orf00131   117530   118012  +2    10.53
orf00132   118005   118319  +3     8.06
orf00133   118322   118774  +2    12.95
orf00135   118758   120164  +3    12.63
orf00136   120168   121364  +3    12.00
orf00137   121548   123500  +3    11.45
orf00138   123563   124294  +2     9.88
orf00139   124394   125827  +2    10.70
orf00141   125830   127263  +1    12.68
orf00143   127256   128689  +2     9.79
orf00144   128664   129332  +3     7.01
orf00145   129325   130272  +1    13.10
orf00146   130262   131104  +2    10.57
orf00147   131126   131359  +2     6.30
orf00148   131362   133539  +1    11.45
orf00149   133547   134149  +2    11.29
orf00151   134705   134124  -3     9.97
orf00152   134746   135315  +1     9.00
orf00153   135315   136097  +3    12.43
orf00155   136082   137245  +2    12.09
orf00156   137232   138068  +3    10.16
orf00157   138089   139384  +2    10.63
orf00158   139374   140003  +3    11.58
orf00160   140017   141387  +1     8.73
orf00161   141368   142033  +2     5.67
orf00163   142058   142531  +2    10.36
orf00164   142540   143295  +1    10.79
orf00165   143288   143932  +2     6.30
orf00166   143913   144935  +3     7.96
orf00168   144950   146644  +2    10.33
orf00169   146651   148213  +2     8.87
orf00171   148216   149136  +1    10.66
orf00173   149176   151305  +1    11.45
orf00175   151283   152698  +2    11.53
orf00176   152745   153053  +3    12.46
orf00177   153059   153916  +2    11.11
orf00178   154940   153897  -3    12.45
orf00180   154976   155413  +2     7.58
orf00181   155421   156200  +3    12.70
orf00182   156200   156553  +2    10.26
orf00184   156543   157997  +3    11.46
orf00185   158000   158287  +2     1.15
orf00186   158301   158582  +3     9.21
orf00187   158984   158559  -3    10.86
orf00188   159756   158962  -1     5.33
orf00189   159776   160078  +2    10.63
orf00190   160891   160079  -2     6.77
orf00191   160940   162412  +2    11.42
orf00192   162399   163568  +3     9.69
orf00193   163568   165364  +2    12.20
orf00194   165448   167157  +1    11.55
orf00195   167195   167452  +2     4.54
orf00196   167709   167536  -1    10.95
orf00197   167734   168198  +1     6.35
orf00198   168389   169300  +2    12.84
orf00200   169290   169523  +3    16.50
orf00201   169550   169774  +2     3.17
orf00202   169968   169816  -1     3.33
orf00204   171540   171701  +3     2.29
orf00205   172085   171963  -3     0.65
orf00206   173923   173774  -2     1.68
orf00207   174527   174384  -3     2.33
orf00208   174936   175184  +3     4.40
orf00209   175138   175332  +1     4.89
orf00210   175293   175619  +3     4.86
orf00211   175757   179098  +2    11.52
orf00212   179103   180698  +3    14.59
orf00215   180698   180970  +2    10.89
orf00216   180957   181091  +3     0.49
orf00217   181163   182815  +2    15.48
orf00218   182802   183140  +3     7.79
orf00219   183165   184004  +3    13.24
orf00220   184004   184813  +2    12.11
orf00221   184826   186100  +2    10.80
orf00223   186087   187214  +3    10.08
orf00224   187253   188482  +2    13.18
orf00225   188558   189403  +2     9.94
orf00226   189497   189907  +2     9.39
orf00227   189997   190317  +1     9.74
orf00228   190321   191094  +1    13.59
orf00230   191094   191729  +3    15.14
orf00231   191733   192053  +3    11.76
orf00232   192053   192910  +2    11.41
orf00234   192910   193173  +1     8.18
orf00235   193176   193610  +3     9.88
orf00237   193613   194419  +2    13.88
orf00238   194425   194841  +1     9.62
orf00239   194841   195443  +3    12.10
orf00241   195443   195700  +2     8.42
orf00242   195716   196072  +2    10.53
orf00243   196072   196398  +1    14.53
orf00245   196404   196946  +3     8.28
orf00246   196949   197134  +2     7.55
orf00247   197128   197553  +1    10.74
orf00249   197560   198114  +1    10.43
orf00250   198116   198463  +2     9.30
orf00251   198468   199103  +3    15.47
orf00252   199109   199561  +2     8.79
orf00253   199561   200988  +1    12.15
orf00255   200982   201626  +3    13.79
orf00256   201629   202375  +2    11.25
orf00257   202375   202587  +1    11.15
orf00258   202598   202711  +2     4.19
orf00259   202711   203085  +1     9.04
orf00260   203085   203450  +3     6.86
orf00262   203466   204452  +3    12.01
orf00263   204465   204836  +3    10.57
orf00264   204823   205647  +1    14.20
orf00266   205632   206546  +3    11.65
orf00267   206539   207801  +1    11.24
orf00268   207806   208528  +2     7.24
orf00270   208518   210341  +3     9.71
orf00272   210342   211295  +3    11.04
orf00273   211422   211276  -1     3.51
orf00274   211395   213500  +3    13.02
orf00275   213545   214036  +2     4.33
orf00277   214018   214515  +1     4.84
orf00279   214770   215525  +3     9.14
orf00280   215548   215826  +1     4.32
orf00281   215961   216713  +3    13.83
orf00283   216706   218463  +1    15.05
orf00284   218586   218470  -1     2.09
orf00285   218589   219455  +3     6.57
orf00286   219427   220383  +1     4.91
orf00288   220385   220540  +2     7.66
orf00289   220549   221505  +1     9.79
orf00293   221512   225834  +1     8.31
orf00295   225836   226420  +2    10.68
orf00296   226399   226602  +1     8.92
orf00297   226557   227147  +3    11.96
orf00298   227174   229000  +2    14.39
orf00300   229101   229268  +3     7.23
orf00301   229500   229369  -1     3.75
orf00302   229513   229800  +1     4.61
orf00303   229934   229797  -3    11.38
orf00304   229959   230141  +3     7.98
orf00306   230190   230444  +3     6.06
orf00307   230652   230509  -1     0.36
orf00309   230612   231064  +2     8.40
orf00310   231015   231515  +3     3.57
orf00311   231488   231616  +2     0.57
orf00312   231952   232977  +1    12.45
orf00313   232981   235401  +1    12.87
orf00315   235460   236005  +2     9.71
orf00317   236008   236187  +1     8.23
orf00318   236190   236564  +3    10.72
orf00320   237039   236536  -1     9.85
orf00321   237242   237105  -3    14.84
orf00322   237289   237684  +1    14.86
orf00323   237714   239093  +3    15.41
orf00324   239105   239758  +2    13.74
orf00325   239768   240136  +2     8.70
orf00326   240264   242165  +3    12.46
orf00329   242165   244510  +2    13.62
orf00331   245538   244507  -1    13.52
orf00332   245574   247367  +3    12.78
orf00333   247372   247851  +1     9.15
orf00334   248434   247844  -2    10.20
orf00335   249344   248418  -3    11.22
orf00336   249889   249344  -2     5.71
orf00337   250090   250749  +1    10.42
orf00338   250749   250937  +3     6.34
orf00339   250939   251382  +1    14.26
orf00341   251385   251729  +3    10.38
orf00342   251722   252528  +1     9.08
orf00343   252494   253936  +2    10.35
orf00344   253920   254543  +3    13.64
orf00345   254562   255533  +3    12.90
orf00347   255536   257062  +2    12.03
orf00348   257981   259102  +2    16.77
orf00351   259120   264537  +1    12.85
orf00355   264540   265580  +3    12.52
orf00356   265573   265986  +1    15.65
orf00358   266299   266018  -2     7.68
orf00359   266609   267034  +2    10.77
orf00360   267024   267953  +3    12.56
orf00361   267955   269190  +1    13.47
orf00362   269193   269936  +3    14.22
orf00364   270017   270301  +2     8.73
orf00365   270347   271531  +2    11.62
orf00366   271600   271815  +1     4.27
orf00368   271781   272071  +2     9.90
orf00369   272180   272037  -3     6.21
orf00370   272206   273258  +1    11.17
orf00372   273462   273301  -1    11.10
orf00373   273524   273658  +2     6.18
orf00374   273728   274591  +2    10.95
orf00375   274591   275073  +1     7.88
orf00377   275079   276101  +3    10.04
orf00378   276105   276566  +3     8.07
orf00379   276585   278750  +3    11.55
orf00380   278843   279145  +2     9.74
orf00381   279138   279437  +3     9.98
orf00382   279430   279744  +1     8.19
orf00383   279737   280612  +2    11.99
orf00384   280602   281024  +3     6.71
orf00385   281017   281901  +1    13.76
orf00386   281931   283265  +3    14.19
orf00387   283334   285721  +2    13.17
orf00388   286770   285718  -1    12.32
orf00390   286823   288685  +2     7.80
orf00391   288691   290583  +1    10.08
orf00392   290586   291266  +3     8.78
orf00393   291272   293383  +2    11.19
orf00394   293386   293883  +1    10.52
orf00395   293876   294721  +2    12.56
orf00397   295424   294705  -3     4.43
orf00398   295578   295411  -1     4.90
orf00399   296066   295587  -3     7.73
orf00400   297543   296050  -1    12.12
orf00402   299411   297588  -3    10.04
orf00404   300741   299401  -1     8.73
orf00405   301489   300761  -2    10.25
orf00407   302778   301492  -1    10.59
orf00408   304759   302783  -2    11.68
orf00410   304938   306590  +3     7.63
orf00411   306757   307527  +1     9.18
orf00413   307573   307866  +1     6.42
orf00414   307866   308945  +3    13.56
orf00415   308946   309272  +3     7.64
orf00416   309554   310315  +2     8.53
orf00418   310446   312743  +3    12.44
orf00419   312790   313155  +1     4.50
orf00420   313414   313139  -2     8.45
orf00421   313428   313826  +3     3.72
orf00423   314138   315157  +2    10.39
orf00424   315392   315622  +2    10.66
orf00425   315626   318250  +2    10.89
orf00426   318257   319132  +2    12.98
orf00427   319132   319986  +1     9.99
orf00428   320102   320977  +2    12.38
orf00430   322339   321503  -2     9.00
orf00431   324736   322358  -2    10.39
orf00432   325084   324737  -2     8.27
orf00433   325804   325118  -2    10.18
orf00434   326977   325955  -2    14.06
orf00435   327356   326970  -3    14.36
orf00438   328368   327358  -1    11.92
orf00440   329752   328379  -2    13.64
orf00441   330910   329756  -2    15.25
orf00442   330997   331131  +1     0.20
orf00443   332140   331160  -2    11.84
orf00444   333234   332158  -1    12.30
orf00445   334698   333262  -1    12.77
orf00447   335323   334781  -2    14.10
orf00449   338174   335337  -3     7.93
orf00450   338292   340454  +3    11.37
orf00451   341107   340451  -2    11.73
orf00452   341846   341100  -3    12.40
orf00453   343628   341958  -3    13.25
orf00454   344775   344290  -1    10.30
orf00455   344956   345090  +1     9.00
orf00456   345107   346558  +2    11.25
orf00457   346779   347177  +3     2.27
orf00458   347140   347439  +1     5.88
orf00459   347510   348184  +2    10.08
orf00460   348187   348777  +1    10.43
orf00461   348809   349063  +2    12.18
orf00462   349217   349579  +2     6.10
orf00464   349548   350213  +3     7.05
orf00466   350394   351464  +3    11.04
orf00468   351530   351766  +2     3.80
orf00469   352976   351732  -3    11.40
orf00471   353623   353240  -2     4.77
orf00473   353965   355071  +1     7.53
orf00474   355061   355798  +2    10.00
orf00475   355788   357419  +3     7.03
orf00476   357832   357416  -2     6.88
orf00478   360534   357832  -1    10.45
orf00480   361326   360592  -1    10.20
orf00482   362737   361319  -2     9.21
orf00483   363673   362861  -2     9.70
orf00484   363963   363706  -1    10.29
orf00485   364355   363966  -3     7.83
orf00486   365515   364475  -2    13.55
orf00487   368470   365522  -2    14.43
orf00488   369635   368673  -3    14.78
orf00489   370888   369653  -2    12.60
orf00491   371903   370890  -3    11.18
orf00492   372887   371934  -3     8.44
orf00493   373939   372866  -2    12.19
orf00494   374733   373921  -1     9.55
orf00497   376646   374859  -3    12.66
orf00499   377851   376733  -2    10.51
orf00500   381446   377913  -3    12.58
orf00502   382663   381431  -2     9.08
orf00503   386350   382670  -2    12.22
orf00504   386404   387210  +1    11.18
orf00505   387834   387217  -1     8.81
orf00506   391276   387857  -2    15.48
orf00507   392199   391336  -1    10.17
orf00508   393575   392244  -3    11.12
orf00509   394315   393599  -2     9.40
orf00510   395525   394416  -3     5.40
orf00512   397365   395566  -1     8.76
orf00513   398222   397380  -3    10.37
orf00516   398733   398239  -1    10.34
orf00517   399739   398879  -2     9.59
orf00518   402707   402883  +2     6.45
orf00519   402708   400060  -1    12.31
orf00520   403082   402939  -3     4.38
orf00522   405361   403664  -2     9.12
orf00523   405397   406080  +1    14.63
orf00524   406400   406579  +2     0.75
orf00525   407680   406916  -2     8.08
orf00526   408734   407670  -3     8.82
orf00527   409799   408912  -3    11.54
orf00528   410618   409812  -3     7.91
orf00530   412875   410605  -1    14.82
orf00531   414260   412914  -3    10.89
orf00532   414917   414264  -3    11.01
orf00533   415564   414926  -2     9.76
orf00534   416271   415552  -1    12.77
orf00535   416871   416278  -1    11.83
orf00536   419421   416908  -1     9.25
orf00537   419986   419411  -2     7.81
orf00538   420215   419994  -3     8.01
orf00539   420274   421299  +1     6.64
orf00540   421408   422634  +1     8.82
orf00541   422638   423054  +1     9.78
orf00542   423361   423041  -2     5.60
orf00543   426852   423469  -1    10.91
orf00544   428052   427030  -1     9.33
orf00545   428247   429593  +3     9.34
orf00547   430093   429842  -2    10.00
orf00548   430158   430310  +3     7.64
orf00550   430294   430509  +1     3.50
orf00551   434384   430506  -3    11.26
orf00552   438566   434394  -3    12.13
orf00553   439132   438656  -2     8.84
orf00554   440281   439241  -2     8.78
orf00555   440806   440285  -2     5.81
orf00556   443802   441154  -1     9.32
orf00557   443846   444346  +2     4.68
orf00558   444337   444969  +1    10.47
orf00560   446089   445121  -2    10.58
orf00561   446496   446347  -1     2.27
orf00562   446542   447714  +1     9.16
orf00563   447714   448649  +3     8.58
orf00564   449541   448867  -1     6.17
orf00565   449589   450143  +3     7.40
orf00566   450146   450646  +2     7.33
orf00567   450972   450643  -1     4.39
orf00568   451121   451534  +2     7.14
orf00569   452420   451725  -3     9.38
orf00570   453679   452756  -2     9.65
orf00571   454675   453833  -2     8.06
orf00572   455869   454688  -2    10.93
orf00574   455977   456186  +1     4.08
orf00575   456555   456674  +3     4.05
orf00576   456677   457294  +2     8.89
orf00577   457269   458192  +3     7.17
orf00578   458469   458182  -1     3.32
orf00579   459416   458823  -3     9.14
orf00580   459536   460024  +2     9.39
orf00581   460047   460415  +3    15.46
orf00583   460872   460606  -1    10.08
orf00584   460936   461610  +1    10.75
orf00585   461603   462538  +2     7.28
orf00586   462540   463907  +3     7.36
orf00587   464135   464542  +2     7.48
orf00588   465354   464566  -1    10.52
orf00589   466330   465344  -2     7.25
orf00590   467970   466330  -1     7.32
orf00591   469043   468072  -3     5.01
orf00593   470004   469030  -1     5.82
orf00594   470935   469997  -2     9.40
orf00595   471985   471140  -2     9.23
orf00596   472810   471986  -2     4.19
orf00597   474497   472803  -3     5.74
orf00598   474811   474497  -2     3.15
orf00599   475398   474817  -1    13.56
orf00600   476383   475445  -2     8.76
orf00601   477057   476500  -1     5.35
orf00602   477086   478924  +2     9.54
orf00603   478917   479495  +3     7.41
orf00604   479488   480144  +1     4.56
orf00606   480609   481250  +3     7.43
orf00607   481993   481247  -2    11.23
orf00608   483287   481986  -3     9.96
orf00609   483811   483287  -2     3.19
orf00610   484617   483907  -1     4.19
orf00612   489470   484620  -3    11.50
orf00613   490179   489757  -1     5.28
orf00616   490628   490182  -3     7.75
orf00618   490921   490616  -2     3.61
orf00619   491447   491064  -3     4.74
orf00620   493433   491451  -3     9.61
orf00622   494884   493541  -2    10.03
orf00624   496532   494901  -3    13.45
orf00626   496835   496545  -3    10.63
orf00627   498223   497003  -2    10.35
orf00628   499804   498233  -2    10.75
orf00630   500194   499913  -2     8.68
orf00631   500633   500175  -3     8.78
orf00632   502334   500634  -3     8.26
orf00633   502737   502336  -1     9.77
orf00634   504172   502742  -2    12.15
orf00635   504569   504174  -3     6.77
orf00636   505012   504689  -2     6.49
orf00637   506568   505012  -1    11.50
orf00638   507114   506584  -1     7.69
orf00639   507733   507107  -2    10.21
orf00640   508044   507736  -1    12.01
orf00641   508925   508047  -3     7.23
orf00642   508952   509095  +2     4.92
orf00644   510749   509373  -3    11.33
orf00645   510816   511289  +3     7.18
orf00647   511963   511286  -2     4.85
orf00648   512955   511966  -1     9.06
orf00650   514067   512940  -3     6.64
orf00651   514903   514175  -2     7.41
orf00652   516036   514903  -1     9.57
orf00653   519267   516157  -1     7.42
orf00654   521326   519332  -2     8.84
orf00655   521779   521465  -2     6.95
orf00656   522225   521785  -1     5.70
orf00657   524056   522263  -2    10.19
orf00658   526920   524062  -1    10.26
orf00659   529405   526898  -2     5.44
orf00660   531128   529443  -3    10.36
orf00661   531391   531131  -2     3.41
orf00662   531580   532929  +1     8.86
orf00663   532952   533146  +2     2.39
orf00665   533182   533607  +1     4.32
orf00666   533716   534231  +1     4.43
orf00667   535946   534228  -3    12.08
orf00668   537473   535950  -3     9.85
orf00670   537846   537466  -1    11.44
orf00671   538199   538044  -3     9.54
orf00672   539011   538259  -2     8.68
orf00673   539454   539023  -1     3.93
orf00674   539570   540436  +2    12.87
orf00675   540417   541148  +3    12.24
orf00676   541148   541699  +2     8.63
orf00677   541700   542893  +2     8.29
orf00678   542913   544064  +3     8.85
orf00680   545287   544469  -2    10.38
orf00681   546111   545287  -1     8.01
orf00683   546087   546215  +3     3.14
orf00684   546615   546205  -1     2.10
orf00686   547553   546786  -3     9.93
orf00687   548667   547570  -1     8.21
orf00688   548657   548776  +2     5.81
orf00689   549132   548773  -1    10.33
orf00690   549811   549116  -2     8.90
orf00692   550080   549811  -1     2.82
orf00693   552352   550709  -2     8.77
orf00694   552805   552353  -2     9.87
orf00696   553455   552769  -1     8.86
orf00697   554337   553465  -1     8.91
orf00698   555521   554337  -3    13.60
orf00699   555604   556359  +1     4.62
orf00701   556344   557222  +3    14.36
orf00702   557634   557212  -1    11.65
orf00703   557667   558833  +3    11.69
orf00704   559850   558846  -3    10.34
orf00705   560419   559838  -2     7.23
orf00706   562505   560403  -3    13.11
orf00707   562664   562506  -3     6.49
orf00708   563210   562683  -3     8.47
orf00710   563721   563212  -1     8.60
orf00712   563894   564832  +2    11.89
orf00713   566106   564829  -1     9.83
orf00714   567541   566087  -2    10.68
orf00715   568307   567528  -3     6.62
orf00716   569457   568300  -1     9.87
orf00718   569794   569429  -2     3.66
orf00719   569930   569784  -3     9.93
orf00720   570891   569956  -1     9.76
orf00721   576246   570895  -1    10.98
orf00722   577106   576252  -3     9.65
orf00723   578482   577169  -2     8.78
orf00724   579135   578482  -1     8.47
orf00725   579742   579125  -2     4.55
