GLIMMER (ver. 3.02; iterated)  predictions:
 orfID      start     end  frame  score
--------    -----    -----  --    -----
>gi|402551299|ref|NC_018496.1| Mycoplasma genitalium M6282 chromosome, complete genome
orf00001   579232        3  +1     3.71
orf00003      686     1828  +2     5.87
orf00004     1828     2760  +1     7.02
orf00005     2845     4797  +1    11.93
orf00007     4812     7322  +3     7.76
orf00009     7294     8547  +1    12.12
orf00010     8551     9183  +1    10.28
orf00011     9156     9920  +3     7.91
orf00013     9923    10804  +2    10.46
orf00014    10816    11250  +1     8.39
orf00016    11250    12038  +3     9.15
orf00017    12067    12561  +1     4.99
orf00019    13376    12699  -3     7.08
orf00021    13561    13442  -2    11.88
orf00022    14429    13566  -3     7.55
orf00023    15213    14392  -1     6.60
orf00024    15552    17423  +3     9.59
orf00025    17470    19239  +1     7.73
orf00027    19249    22293  +1    10.74
orf00028    22385    23554  +2    11.61
orf00029    23538    24464  +3    12.15
orf00030    24464    26002  +2     8.04
orf00031    26032    26469  +1     9.80
orf00033    26475    27341  +3    13.22
orf00035    27342    28445  +3    11.78
orf00036    28726    28905  +1     7.36
orf00037    28971    29543  +3     6.30
orf00039    29556    30119  +3    13.00
orf00040    30088    30543  +1     8.84
orf00041    30543    31148  +3     9.64
orf00043    31665    31138  -1     8.44
orf00044    32320    31700  -2     9.07
orf00045    36709    32354  -2    11.17
orf00046    36974    37426  +2     8.05
orf00047    37481    38467  +2    11.22
orf00048    38434    38973  +1     5.17
orf00049    39123    39899  +3    10.25
orf00050    40509    39868  -1    11.58
orf00051    40538    41782  +2    11.03
orf00052    41754    43424  +3    10.37
orf00053    43514    43648  +2    12.04
orf00055    43642    44748  +1     8.67
orf00056    46271    44745  -3    11.25
orf00057    47416    46262  -2    11.77
orf00059    47575    49350  +1    11.76
orf00060    49371    49637  +3    10.67
orf00061    49836    51398  +3    12.21
orf00063    51383    51514  +2     7.95
orf00064    51519    52139  +3     8.80
orf00065    52211    52375  +2    11.35
orf00066    52359    53213  +3     8.10
orf00068    53198    54649  +2    12.31
orf00069    54651    55598  +3    10.55
orf00070    55582    56733  +1     9.57
orf00071    56709    56888  +3     6.33
orf00072    58272    56962  -1    10.34
orf00073    58277    59071  +2     7.13
orf00074    59075    59746  +2    11.68
orf00075    59733    60998  +3    13.23
orf00077    61097    61399  +2     5.86
orf00078    61399    63051  +1    10.22
orf00079    63978    63028  -1    12.75
orf00080    64353    63982  -1     7.19
orf00081    64903    64520  -2     7.49
orf00082    65723    64890  -3     8.94
orf00083    66241    65705  -2    10.30
orf00084    67218    66220  -1    10.68
orf00085    67636    67199  -2     7.91
orf00087    67643    68536  +2     8.08
orf00089    70218    68515  -1     8.82
orf00090    70523    71359  +2    12.26
orf00091    71447    72565  +2    10.72
orf00092    72516    73427  +3     7.61
orf00093    73438    73641  +1     6.13
orf00094    73683    77678  +3    11.24
orf00095    77678    79078  +2    12.98
orf00096    79091    81028  +2    11.90
orf00097    81039    82589  +3    11.21
orf00098    82613    84037  +2     9.20
orf00100    84075    84338  +3     4.17
orf00102    84543    85547  +3     6.89
orf00103    85581    85988  +3     4.58
orf00104    86122    85985  -2     8.70
orf00106    86305    86595  +1     3.38
orf00107    86841    86722  -1     3.56
orf00109    86803    87822  +1     8.37
orf00111    87914    88186  +2     7.13
orf00114    88207    90933  +1    12.85
orf00115    91044    91898  +3    12.42
orf00117    91903    94266  +1    13.05
orf00119    94302    94526  +3     6.17
orf00120    94513    95457  +1     8.45
orf00121    95484    96932  +3    10.73
orf00122    96910    98880  +1    11.70
orf00123    99021    99296  +3     9.77
orf00124    99360   101993  +3    12.34
orf00125   102158   102430  +2     4.28
orf00126   102843   102427  -1     8.10
orf00127   103132   104298  +1    11.65
orf00128   104291   105421  +2    11.87
orf00130   105423   106631  +3    12.69
orf00131   106631   109177  +2    11.98
orf00132   109233   109646  +3    12.23
orf00133   109646   109789  +2    11.33
orf00134   109999   110325  +1    10.38
orf00135   110325   110894  +3     8.02
orf00136   110887   111759  +1    11.76
orf00137   111760   112026  +1     8.35
orf00138   111996   112694  +3    13.02
orf00139   112687   113835  +1    10.25
orf00140   113864   113989  +2     7.06
orf00141   114019   114282  +1     9.27
orf00142   114299   114766  +2    13.41
orf00144   114776   115834  +2    13.84
orf00146   115840   116841  +1    15.67
orf00147   116893   117519  +1    12.84
orf00148   117520   118002  +1    10.98
orf00149   117995   118309  +2     7.89
orf00150   118312   118764  +1    12.68
orf00152   118748   120154  +2    12.61
orf00153   120158   121354  +2    12.32
orf00156   121538   123490  +2    11.58
orf00157   123553   124284  +1     9.59
orf00158   124384   125817  +1    10.49
orf00159   125820   127253  +3    12.88
orf00161   127246   128679  +1     9.81
orf00162   128654   129322  +2     6.97
orf00163   129315   130262  +3    12.93
orf00164   130252   131094  +1    10.99
orf00165   131116   131349  +1     6.17
orf00166   131352   133529  +3    11.38
orf00167   133537   134139  +1    11.36
orf00169   134695   134114  -2     9.70
orf00170   134736   135305  +3     9.54
orf00171   135305   136087  +2    12.44
orf00172   136072   137235  +1    11.81
orf00173   137222   138058  +2     9.80
orf00174   138079   139374  +1    10.61
orf00175   139364   139993  +2    11.77
orf00177   140007   141377  +3     9.22
orf00178   141352   142023  +1     6.11
orf00180   142048   142521  +1    10.19
orf00181   142530   143285  +3    10.68
orf00182   143278   143922  +1     6.39
orf00183   143903   144925  +2     8.14
orf00185   144940   146634  +1    10.15
orf00186   146641   148203  +1     9.01
orf00187   148206   149126  +3    10.35
orf00189   149166   151139  +3    11.39
orf00190   151142   151294  +2     3.45
orf00192   151272   152687  +3    11.88
orf00193   152734   153042  +1    12.85
orf00194   153048   153905  +3    11.32
orf00195   154929   153886  -1    12.31
orf00197   154965   155402  +3     8.79
orf00198   155410   156189  +1    12.29
orf00199   156189   156542  +3     9.46
orf00201   156532   157986  +1    10.63
orf00203   157989   158276  +3     1.35
orf00204   158290   158571  +1     8.12
orf00205   158973   158548  -1     9.45
orf00206   159745   158951  -2     5.51
orf00207   159765   160067  +3    11.28
orf00208   160881   160039  -1     6.78
orf00209   160930   162402  +1    11.34
orf00210   162389   163558  +2     9.84
orf00211   163558   165354  +1    11.84
orf00212   165438   167147  +3    11.69
orf00214   167175   167576  +3     3.60
orf00216   167693   168004  +2     3.25
orf00217   167986   168189  +1     8.66
orf00218   168352   168483  +1     3.91
orf00220   168449   168808  +2     9.14
orf00222   169028   169237  +2     8.75
orf00223   169264   169488  +1     3.94
orf00224   169682   169530  -3     2.27
orf00226   171254   171415  +2     2.27
orf00227   171799   171677  -2     1.17
orf00229   173637   173488  -1     0.53
orf00230   174241   174098  -2     2.77
orf00231   174588   175103  +3     7.28
orf00232   175088   175333  +2     5.63
orf00233   175471   178812  +1    11.58
orf00234   178890   180410  +3    14.91
orf00237   180410   180682  +2    10.72
orf00239   180875   182527  +2    15.33
orf00240   182514   182852  +3     7.21
orf00241   182877   183719  +3    12.81
orf00242   183719   184528  +2    12.14
orf00243   184541   185815  +2    10.84
orf00245   185802   186701  +3     6.23
orf00246   186677   186928  +2    11.59
orf00247   187203   188195  +3    13.18
orf00248   188271   189107  +3     9.41
orf00249   189147   189611  +3     8.91
orf00250   189701   190021  +2     8.96
orf00252   190025   190798  +2    13.59
orf00254   190798   191433  +1    15.26
orf00255   191437   191757  +1    12.33
orf00256   191757   192614  +3    11.24
orf00258   192614   192877  +2     8.70
orf00259   192880   193314  +1    10.59
orf00261   193317   194123  +3    13.01
orf00262   194129   194545  +2     9.34
orf00263   194545   195147  +1    12.08
orf00265   195147   195404  +3     8.67
orf00266   195420   195776  +3     9.88
orf00267   195776   196102  +2    15.38
orf00269   196108   196650  +1     8.89
orf00270   196653   196838  +3     5.74
orf00271   196832   197257  +2    11.57
orf00273   197264   197818  +2    10.54
orf00274   197820   198167  +3     8.70
orf00275   198172   198807  +1    15.02
orf00276   198813   199265  +3     8.97
orf00277   199265   200320  +2    11.98
orf00278   200398   200691  +1     9.94
orf00280   200685   201329  +3    12.34
orf00281   201332   202078  +2    11.87
orf00282   202078   202290  +1    10.75
orf00283   202414   202788  +1     9.16
orf00284   202788   203153  +3     6.51
orf00286   203171   204157  +2    12.08
orf00287   204170   204541  +2    10.23
orf00288   204528   205352  +3    14.03
orf00290   205337   206251  +2    11.58
orf00291   206244   207506  +3    10.95
orf00292   207511   208233  +1     7.33
orf00294   208223   210046  +2    10.17
orf00296   210047   211000  +2    11.70
orf00298   211100   213205  +2    13.36
orf00299   213241   213870  +1     5.24
orf00300   213860   214231  +2     4.43
orf00302   214508   215083  +2     9.68
orf00303   215111   215545  +2     5.11
orf00305   215680   216432  +1    13.25
orf00307   216425   218182  +2    14.54
orf00308   218305   218189  -2     2.95
orf00309   218308   219174  +1     6.58
orf00310   219146   220102  +2     5.06
orf00312   220104   220262  +3     7.95
orf00313   220271   221227  +2     9.57
orf00314   221234   222142  +2    10.28
orf00319   222142   224727  +1     7.09
orf00320   224894   225568  +2    13.37
orf00322   225570   228725  +3    13.39
orf00323   228861   228745  -1     5.46
orf00324   228826   228993  +1     8.34
orf00325   229119   229442  +3     4.29
orf00326   229570   229439  -2     7.64
orf00327   229563   229844  +3     3.25
orf00329   229810   230058  +1     4.48
orf00330   230209   230898  +1    12.49
orf00332   231115   231243  +1     2.97
orf00333   231579   232604  +3    12.21
orf00334   232608   235028  +3    12.78
orf00336   235087   235632  +1    10.09
orf00338   235635   235814  +3     8.23
orf00339   235817   236191  +2    12.19
orf00341   236666   236163  -3    10.04
orf00342   236869   236732  -2    12.28
orf00343   236916   237311  +3    14.60
orf00344   237341   237634  +2    13.26
orf00345   237594   238673  +3    13.98
orf00346   238685   239338  +2    13.76
orf00347   239348   239716  +2     9.01
orf00348   239844   241745  +3    12.22
orf00350   241745   244090  +2    13.89
orf00352   245118   244087  -1    13.18
orf00353   245154   246947  +3    12.63
orf00354   246928   247431  +1     8.78
orf00355   248015   247428  -3     9.71
orf00356   248925   247999  -1    10.91
orf00357   249469   248966  -2     6.51
orf00358   249670   250329  +1    11.28
orf00359   250329   250517  +3     6.59
orf00360   250519   250962  +1    13.02
orf00362   250965   251309  +3    10.68
orf00363   251302   252108  +1     9.14
orf00364   252074   253516  +2    10.53
orf00365   253500   254123  +3    12.53
orf00366   254142   255113  +3    12.94
orf00368   255116   256642  +2    11.81
orf00369   257562   258683  +3    16.63
orf00372   258701   264118  +2    12.77
orf00377   264121   265161  +1    12.75
orf00378   265154   265642  +2    13.76
orf00379   265879   265598  -2     7.31
orf00380   266150   266614  +2    10.04
orf00381   266604   267533  +3    11.37
orf00382   267535   268740  +1    13.32
orf00385   268772   269881  +2    13.72
orf00386   269927   271111  +2    11.70
orf00387   271180   271395  +1     3.95
orf00389   271361   271684  +2     8.39
orf00390   271785   272837  +3    11.23
orf00391   272985   272839  -1    12.29
orf00393   272974   273240  +1     3.51
orf00395   273310   274173  +1    11.60
orf00396   274173   274295  +3     8.64
orf00397   274289   274654  +2     8.53
orf00399   274660   275682  +1    10.09
orf00400   275686   276147  +1     7.20
orf00401   276166   278331  +1    11.24
orf00402   278424   278726  +3    10.30
orf00403   278719   279018  +1     9.99
orf00404   279011   279325  +2     8.38
orf00405   279318   280193  +3    12.31
orf00406   280183   280605  +1     6.36
orf00407   280598   281482  +2    13.03
orf00408   281512   282846  +1    14.09
orf00409   282987   285302  +3    13.53
orf00410   286351   285299  -2    12.30
orf00412   286404   288266  +3     7.87
orf00413   288272   288829  +2     7.75
orf00414   289030   290163  +1     9.84
orf00415   290166   290846  +3     9.20
orf00416   290852   292963  +2    11.05
orf00417   292966   293463  +1    11.19
orf00418   293456   294301  +2    12.67
orf00420   295004   294285  -3     4.61
orf00421   295158   294991  -1     4.07
orf00422   295646   295167  -3     7.72
orf00423   297123   295630  -1    12.21
orf00424   298991   297168  -3     9.95
orf00426   300321   298981  -1     8.73
orf00427   301069   300341  -2    10.49
orf00429   302358   301072  -1    10.54
orf00430   304339   302363  -2    11.87
orf00432   304518   306170  +3     7.49
orf00434   306337   307107  +1     9.98
orf00435   307265   307128  -3     3.29
orf00437   307445   308524  +2    13.59
orf00438   308525   308851  +2     8.01
orf00439   309133   309894  +1     8.94
orf00441   310025   312322  +2    12.25
orf00442   312360   312608  +3     5.48
orf00443   312575   312763  +2     4.73
orf00444   312880   313407  +1     4.15
orf00446   313710   314504  +3     9.01
orf00447   314473   314742  +1     6.23
orf00448   314977   315207  +1     9.96
orf00449   315211   317835  +1    10.95
orf00450   317842   318717  +1    12.86
orf00451   318717   319571  +3    10.15
orf00452   319687   320562  +1    11.87
orf00454   321924   321088  -1     8.91
orf00455   324321   321943  -1    10.44
orf00456   324669   324322  -1     7.57
orf00457   325389   324703  -1    10.70
orf00458   326562   325540  -1    13.70
orf00459   326941   326555  -2    14.26
orf00462   327953   326943  -3    11.64
orf00464   328413   327964  -1    11.01
orf00465   329336   328575  -3    12.80
orf00466   330494   329340  -3    14.85
orf00468   331725   330745  -1    11.38
orf00469   332819   331743  -3    11.90
orf00470   334283   332847  -3    12.25
orf00472   334908   334366  -1    13.64
orf00474   337759   334922  -2     7.83
orf00475   337877   340039  +2    11.21
orf00476   340692   340036  -1    11.40
orf00477   341482   340685  -2    12.44
orf00478   343213   341543  -2    13.06
orf00479   344360   343875  -3    11.05
orf00480   344541   344675  +3     9.78
orf00481   344692   346143  +1    11.51
orf00482   346364   346762  +2     3.14
orf00483   346725   347768  +3     9.52
orf00484   347771   348361  +2     9.88
orf00485   348393   348677  +3     9.84
orf00486   348791   348925  +2     8.55
orf00487   348960   349184  +3     8.00
orf00488   349312   349181  -2     6.67
orf00489   349305   349823  +3     5.93
orf00490   349981   351336  +1    12.03
orf00491   351769   351302  -2     5.29
orf00492   352502   351876  -3    10.46
orf00493   353197   352487  -2     3.12
orf00496   353540   354646  +2     7.78
orf00497   354636   355373  +3    10.12
orf00498   355363   356994  +1     6.89
orf00499   357407   356991  -3     8.00
orf00500   360110   357411  -3    10.32
orf00502   360902   360168  -3    10.47
orf00505   362313   360895  -1     9.06
orf00506   363249   362437  -1     9.16
orf00507   363539   363282  -3    11.20
orf00508   363931   363542  -2     8.16
orf00509   365091   364051  -1    13.38
orf00510   368046   365098  -1    14.54
orf00511   369211   368249  -2    15.27
orf00512   370464   369229  -1    12.98
orf00514   371479   370466  -2    11.32
orf00515   372463   371510  -2     8.10
orf00516   373515   372442  -1    12.16
orf00517   374309   373497  -3    10.01
orf00520   376222   374435  -2    12.36
orf00522   377490   376309  -1    10.47
orf00523   378155   377490  -3    11.38
orf00524   381025   378356  -2    10.05
orf00526   382242   381010  -1     8.59
orf00527   385926   382249  -1    12.24
orf00528   385980   386786  +3    11.46
orf00529   387410   386793  -3     8.39
orf00530   390852   387433  -1    15.32
orf00531   391775   390912  -3    10.34
orf00532   392254   391820  -2     7.84
orf00533   392267   392854  +2     2.96
orf00535   393149   392928  -3     7.17
orf00536   393889   393173  -2     9.44
orf00537   394952   393990  -3     4.77
orf00539   396938   395139  -3     8.89
orf00540   397795   396953  -2    10.35
orf00543   398300   397812  -3    10.48
orf00544   399312   398452  -1     9.04
orf00545   402276   402452  +3     6.62
orf00546   402277   399632  -2    12.55
orf00547   402651   402508  -1     6.56
orf00549   404930   403233  -3     9.11
orf00550   404966   405649  +2    14.54
orf00551   405969   406148  +3     0.88
orf00552   407249   406485  -3     7.93
orf00553   408303   407239  -1     9.21
orf00554   408464   408303  -3     0.18
orf00555   409368   408481  -1    11.56
orf00556   410058   409381  -1     8.03
orf00558   412443   410173  -1    14.83
orf00560   413828   412482  -3    11.64
orf00561   414485   413832  -3    11.19
orf00562   415132   414494  -2    10.03
orf00563   415839   415120  -1    12.90
orf00564   416439   415846  -1    11.91
orf00565   418989   416476  -1     9.36
orf00566   419554   418979  -2     8.13
orf00567   419783   419562  -3     7.62
orf00568   419871   420866  +3     6.48
orf00569   420975   422201  +3     8.93
orf00570   422205   422621  +3    10.04
orf00571   422928   422608  -1     6.14
orf00572   426419   423036  -3    11.03
orf00573   427619   426597  -3     8.99
orf00574   427832   428485  +2     4.36
orf00575   428445   429188  +3     7.63
orf00577   429630   430040  +3     3.48
orf00578   433915   430037  -2    11.31
orf00579   438097   433925  -2    12.14
orf00580   438663   438187  -1     8.87
orf00581   439812   438772  -1     9.21
orf00582   440337   439816  -1     5.55
orf00583   443333   440685  -3     9.35
orf00584   443518   443877  +1     6.12
orf00585   443868   444500  +3    10.66
orf00586   445620   444652  -1    10.73
orf00587   446027   445878  -3     3.03
orf00588   446073   447242  +3     8.93
orf00589   447242   448177  +2     8.70
orf00590   449069   448395  -3     5.92
orf00591   449117   449671  +2     7.48
orf00592   449695   450174  +1     7.31
orf00593   450500   450171  -3     5.05
orf00594   450649   451062  +1     7.72
orf00595   451949   451065  -3     9.65
orf00597   453208   452285  -2     9.82
orf00598   454204   453362  -2     8.31
orf00599   454729   454217  -2     9.33
orf00600   455397   454798  -1    10.50
orf00602   455505   455714  +3     3.89
orf00603   456083   456202  +2     2.60
orf00604   456205   456822  +1     8.98
orf00605   456797   457720  +2     6.71
orf00606   458945   457710  -3     7.91
orf00607   459065   459553  +2     8.24
orf00608   459576   459944  +3    15.37
orf00610   460401   460135  -1     9.71
orf00611   460465   461139  +1    11.04
orf00612   461132   462067  +2     7.06
orf00613   462069   463436  +3     7.47
orf00614   463664   464071  +2     6.94
orf00615   464883   464095  -1    10.73
orf00616   465859   464873  -2     7.04
orf00617   467499   465859  -1     7.74
orf00618   468572   467601  -3     5.08
orf00620   469533   468559  -1     5.98
orf00621   470464   469526  -2     9.63
orf00622   471514   470669  -2     9.40
orf00623   472360   471515  -2     4.58
orf00624   474026   472332  -3     5.85
orf00625   474322   474026  -2     4.37
orf00626   474927   474346  -1    12.99
orf00627   476587   474974  -2     8.98
orf00628   476616   478034  +3     9.58
orf00629   478076   478453  +2     7.50
orf00630   478446   479024  +3     7.15
orf00631   479017   479673  +1     5.19
orf00634   480479   480778  +2     2.59
orf00635   481521   480775  -1    11.09
orf00636   482815   481514  -2     9.96
orf00637   482991   482815  -1     3.76
orf00638   483431   482973  -3     2.06
orf00639   484144   483434  -2     6.77
orf00641   488997   484147  -1    11.19
orf00642   490154   489282  -3     9.20
orf00644   490606   490142  -2     2.35
orf00645   490973   490590  -3     4.80
orf00646   492959   490977  -3     9.47
orf00648   494410   493067  -2    10.44
orf00650   496058   494427  -3    13.54
orf00652   496361   496071  -3    10.75
orf00653   497749   496529  -2    10.28
orf00654   499408   497759  -2     9.30
orf00657   499721   499476  -3     7.43
orf00658   500160   499702  -1     8.30
orf00659   501861   500161  -1     8.70
orf00660   502264   501863  -2     9.79
orf00661   503699   502269  -3    12.10
orf00662   504096   503701  -1     6.95
orf00663   504508   504314  -2    10.28
orf00664   506094   504538  -1    11.24
orf00665   506640   506110  -1     7.80
orf00666   507259   506633  -2    10.81
orf00667   507570   507262  -1    11.53
orf00668   508217   507573  -3     7.59
orf00669   508450   508268  -2     5.38
orf00670   508477   508620  +1     6.01
orf00672   508636   508908  +1     6.74
orf00673   510274   508898  -2    11.38
orf00674   510342   510815  +3     9.36
orf00676   511489   510812  -2     5.32
orf00677   512481   511492  -1     8.61
orf00679   514430   512466  -3     7.19
orf00680   515563   514430  -2     9.89
orf00681   518793   515785  -1     7.55
orf00682   520852   518858  -2     8.88
orf00683   521305   520991  -2     6.99
orf00684   521751   521311  -1     6.18
orf00685   523582   521789  -2    10.24
orf00686   526446   523588  -1    10.23
orf00687   528931   526424  -2     8.10
orf00688   530654   528969  -3    10.43
orf00689   530917   530657  -2     6.00
orf00690   531106   531234  +1     7.49
orf00691   531492   532454  +3     7.49
orf00692   532477   532671  +1     2.17
orf00694   532842   533132  +3     5.97
orf00695   533242   533757  +1     4.22
orf00696   535472   533754  -3    11.87
orf00697   536999   535476  -3    10.14
orf00699   537726   536992  -1    11.09
orf00700   538982   537786  -3     8.81
orf00701   539068   539964  +1    12.98
orf00702   539945   540676  +2    12.14
orf00703   540676   541227  +1     8.88
orf00704   541228   542421  +1     7.97
orf00706   542441   543592  +2     8.96
orf00708   544815   543997  -1     9.43
orf00709   545639   544815  -3     8.47
orf00712   546143   545733  -3     1.73
orf00713   547081   546314  -2     9.76
orf00714   548195   547098  -3     7.93
orf00715   548185   548304  +1     5.74
orf00716   548660   548301  -3     9.92
orf00717   549276   548644  -1    10.13
orf00719   549608   549339  -3     2.57
orf00720   551239   550235  -2     7.52
orf00721   551878   551354  -2     9.33
orf00722   552331   551879  -2     9.27
orf00723   552729   552295  -1     7.77
orf00724   552917   552750  -3     8.09
orf00725   553862   552990  -3     8.62
orf00726   555049   553865  -2    13.56
orf00727   555132   555887  +3     4.62
orf00729   555872   556750  +2    13.90
orf00730   557162   556740  -3    11.61
orf00731   557195   557833  +2    10.94
orf00732   557869   558360  +1     9.91
orf00733   559377   558373  -1    10.63
orf00734   559946   559365  -3     7.32
orf00735   562032   559930  -1    12.95
orf00736   562191   562033  -1     5.91
orf00737   562737   562210  -1     8.34
orf00739   563248   562739  -2     8.85
orf00741   563421   564359  +3    12.09
orf00742   565633   564356  -2     9.58
orf00743   567068   565614  -3    10.81
orf00744   567834   567055  -1     6.97
orf00745   568984   567827  -2     9.96
orf00747   569321   568956  -3     3.26
orf00748   569457   569311  -1    10.19
orf00749   570418   569483  -2     9.83
orf00750   575773   570422  -2    10.75
orf00751   576633   575779  -1     9.74
orf00752   578009   576696  -3     9.08
orf00753   578662   578009  -2     7.84
orf00754   579269   578652  -3     4.74