GLIMMER (ver. 3.02; iterated)  predictions:
 orfID      start     end  frame  score
--------    -----    -----  --    -----
>gi|402551784|ref|NC_018497.1| Mycoplasma genitalium M6320 chromosome, complete genome
orf00001   579524        3  +1     3.64
orf00003      686     1828  +2     5.94
orf00004     1828     2760  +1     7.38
orf00005     2845     4797  +1    11.58
orf00007     4812     7322  +3     7.73
orf00009     7294     8547  +1    11.88
orf00010     8551     9183  +1    10.79
orf00011     9156     9920  +3     7.34
orf00012     9923    11251  +2    10.48
orf00014    11251    12039  +1     9.45
orf00015    12068    12724  +2     7.89
orf00016    13564    12701  -2     7.73
orf00017    14432    13569  -3     7.47
orf00018    15216    14395  -1     6.63
orf00020    15555    17426  +3     6.90
orf00021    17473    19242  +1     7.38
orf00023    19252    22296  +1    10.68
orf00024    22388    23557  +2    11.91
orf00025    23541    24467  +3    12.62
orf00026    24467    26005  +2     8.17
orf00027    26035    26472  +1     9.71
orf00029    26478    27344  +3    13.07
orf00031    27345    28448  +3     9.25
orf00032    28729    29547  +1     7.47
orf00034    29551    30123  +1    12.52
orf00035    30092    30547  +2     8.56
orf00036    30547    31152  +1    10.30
orf00038    31702    31142  -2     7.92
orf00039    32324    31704  -3     9.79
orf00040    36713    32358  -3    11.19
orf00041    36973    38973  +1    10.62
orf00042    39123    39899  +3     9.18
orf00043    40509    39868  -1    12.05
orf00044    40538    41782  +2    10.27
orf00045    41754    43424  +3    10.01
orf00046    43514    43648  +2    12.98
orf00048    43642    44748  +1     8.32
orf00049    46271    44745  -3    11.18
orf00050    47416    46262  -2    12.05
orf00052    47575    49350  +1    11.81
orf00053    49371    49637  +3    11.39
orf00054    49836    51515  +3    12.35
orf00055    51592    52377  +1     9.50
orf00057    52361    53215  +2     5.57
orf00058    53200    54651  +1    11.68
orf00059    54653    55600  +2    10.48
orf00060    55584    56735  +3    10.20
orf00062    56711    56968  +2     5.76
orf00063    58275    56965  -1    10.00
orf00064    58280    59074  +2     7.82
orf00065    59078    59749  +2    11.22
orf00066    59736    61001  +3    13.18
orf00068    61100    61402  +2     5.29
orf00069    61402    63054  +1    10.35
orf00070    63981    63031  -1    13.34
orf00071    64356    63985  -1     6.61
orf00072    64906    64523  -2     7.36
orf00073    65726    64893  -3     8.82
orf00074    66244    65708  -2    12.28
orf00075    67221    66223  -1    10.95
orf00076    67639    67202  -2     7.61
orf00077    67646    68539  +2     7.62
orf00079    70221    68518  -1     9.03
orf00080    70526    72568  +2     9.85
orf00081    72519    73430  +3     7.42
orf00083    73519    73644  +1     8.86
orf00086    73686    77681  +3    11.18
orf00087    77681    79081  +2    10.64
orf00088    79085    81031  +2    11.48
orf00089    81042    82592  +3    11.66
orf00091    82616    84040  +2     9.56
orf00093    84078    84404  +3     3.26
orf00094    84740    84528  -3     5.64
orf00095    85263    85550  +3     8.63
orf00097    85757    85975  +2     4.62
orf00099    86139    86023  -1    12.43
orf00100    86242    86502  +1     1.64
orf00101    86489    86617  +2     9.43
orf00103    86828    87535  +2    11.75
orf00105    87528    87857  +3     5.02
orf00107    87949    88221  +1     7.03
orf00110    88242    90968  +3    10.32
orf00111    91079    91933  +2    12.96
orf00113    91938    94301  +3     9.95
orf00115    94337    94561  +2     7.00
orf00116    94548    96968  +3    13.29
orf00117    96946    98916  +1    11.58
orf00118    99057    99332  +3     9.39
orf00119    99396   102467  +3    11.64
orf00120   102880   102464  -2     8.15
orf00121   103171   104337  +1    11.93
orf00122   104330   105460  +2    11.13
orf00124   105462   106670  +3    12.32
orf00125   106670   109216  +2    12.27
orf00126   109272   109685  +3    12.95
orf00127   109685   109828  +2    10.88
orf00128   110038   110364  +1     9.60
orf00129   110364   110933  +3     7.75
orf00130   110926   111798  +1    10.40
orf00131   111799   112734  +1    13.83
orf00132   112727   113875  +2    10.28
orf00133   113904   114323  +3     8.15
orf00134   114340   114807  +1    14.08
orf00137   114817   116883  +1    14.99
orf00138   116935   117561  +1    13.21
orf00139   117562   118044  +1    10.41
orf00140   118037   118351  +2     7.79
orf00141   118354   118806  +1    13.35
orf00143   118790   120196  +2    12.72
orf00144   120200   121396  +2    12.14
orf00147   121580   123532  +2    12.05
orf00148   123595   124326  +1     9.47
orf00149   124426   125859  +1    10.22
orf00150   125862   127295  +3    12.31
orf00152   127288   128721  +1     9.71
orf00153   128696   129364  +2     7.17
orf00154   129366   130304  +3    13.24
orf00155   130294   131136  +1    11.06
orf00156   131158   131391  +1     6.48
orf00157   131394   133571  +3    11.33
orf00158   133579   134181  +1    11.13
orf00160   134737   134156  -2     9.24
orf00161   134778   135347  +3     9.03
orf00162   135347   136129  +2    12.49
orf00164   136114   137277  +1    12.00
orf00165   137264   138100  +2    10.09
orf00166   138121   139416  +1    10.45
orf00167   139406   140035  +2    11.60
orf00169   140049   141419  +3     9.34
orf00170   141394   142065  +1     5.74
orf00172   142090   142563  +1     9.71
orf00173   142572   143327  +3    10.51
orf00174   143320   143964  +1     6.85
orf00175   143945   144967  +2     7.84
orf00177   144982   146676  +1    10.77
orf00178   146683   148245  +1     9.18
orf00179   148248   149168  +3     9.76
orf00181   149208   151337  +3    11.45
orf00183   151315   152730  +1    11.96
orf00184   152777   153136  +2     8.08
orf00185   153090   153947  +3    11.00
orf00186   154971   153928  -1    12.58
orf00188   155007   155444  +3     8.38
orf00189   155452   156231  +1    12.45
orf00190   156231   156584  +3    10.45
orf00192   156574   158028  +1    11.48
orf00193   158031   158318  +3     0.46
orf00194   158332   158613  +1     9.05
orf00195   159015   158590  -1    10.54
orf00196   159787   158993  -2     6.01
orf00197   159807   160109  +3    11.51
orf00198   160923   160081  -1     6.68
orf00199   160972   162444  +1    11.45
orf00200   162407   163600  +2     9.50
orf00201   163600   165396  +1    12.27
orf00202   165480   167189  +3    11.40
orf00203   167218   167982  +1     5.16
orf00204   167934   168179  +3     6.71
orf00205   168370   169659  +1    13.24
orf00206   169853   169701  -3     2.08
orf00208   171426   171587  +3     3.44
orf00209   171971   171849  -3     0.12
orf00210   173809   173660  -2     0.17
orf00211   174413   174270  -3     1.79
orf00212   174760   175131  +1    10.06
orf00214   175390   175509  +1    12.42
orf00215   175647   178988  +3    11.71
orf00216   178993   180588  +1    14.47
orf00219   180588   180860  +3    10.98
orf00220   180847   182706  +1    12.82
orf00221   182693   183031  +2     8.04
orf00222   183056   183895  +2    12.46
orf00223   183895   184704  +1    11.98
orf00224   184717   185991  +1    10.84
orf00226   185978   186844  +2     8.59
orf00227   186817   187104  +1    10.69
orf00228   187143   188372  +3    12.83
orf00229   188448   189293  +3     9.12
orf00230   189333   189797  +3     8.29
orf00231   189887   190207  +2     8.88
orf00233   190211   190984  +2    13.96
orf00235   190984   191619  +1    15.50
orf00236   191623   191943  +1    12.82
orf00237   191943   192800  +3    11.29
orf00239   192800   193063  +2     8.12
orf00240   193066   193500  +1     9.92
orf00242   193503   194309  +3    13.04
orf00243   194315   194731  +2     9.42
orf00244   194731   195333  +1    12.06
orf00246   195333   195590  +3     9.13
orf00247   195606   195962  +3     9.55
orf00248   195962   196288  +2    14.56
orf00250   196294   196836  +1    11.51
orf00251   196839   197024  +3     6.21
orf00252   197018   197443  +2    11.99
orf00254   197450   198004  +2    12.34
orf00255   198006   198353  +3     8.51
orf00256   198358   198993  +1    16.31
orf00257   198999   199451  +3     8.37
orf00258   199451   200878  +2    12.10
orf00260   200872   201516  +1    13.29
orf00261   201519   202265  +3    11.51
orf00262   202265   202477  +2     9.77
orf00263   202488   202601  +3     3.31
orf00264   202601   202975  +2     8.86
orf00265   202975   203340  +1     7.11
orf00267   203356   204342  +1    12.14
orf00268   204355   204726  +1    10.56
orf00269   204713   205537  +2    11.96
orf00271   205522   206436  +1    12.02
orf00272   206429   207691  +2    10.82
orf00273   207684   208418  +3     7.61
orf00274   208408   210231  +1     9.71
orf00276   210232   211185  +1    11.49
orf00277   211330   211166  -2     2.72
orf00278   211285   213390  +1    13.18
orf00279   213635   213817  +2     2.94
orf00281   213822   214235  +3     3.95
orf00283   214187   214411  +2     2.72
orf00286   214657   214866  +1     6.77
orf00288   214915   215361  +1     9.39
orf00289   215333   215710  +2     7.96
orf00291   215845   216597  +1    13.56
orf00293   216590   218347  +2    15.16
orf00294   218470   218354  -2     3.25
orf00296   218473   219339  +1     5.84
orf00298   219311   220267  +2     4.69
orf00300   220269   220424  +3     7.83
orf00301   220433   221389  +2     8.92
orf00303   221396   223948  +2     7.09
orf00304   223980   225725  +3     9.23
orf00306   225727   227703  +1    13.97
orf00308   227727   228884  +3    14.64
orf00309   229020   228904  -1     5.31
orf00310   228985   229152  +1     8.98
orf00311   229278   229589  +3     3.33
orf00312   229812   229678  -1     7.72
orf00313   229801   230295  +1     5.36
orf00314   230436   230819  +3     6.07
orf00315   230773   231180  +1     7.47
orf00317   231355   231483  +1     4.92
orf00318   231819   232844  +3    12.04
orf00319   232848   235268  +3    12.89
orf00321   235327   235872  +1    12.62
orf00323   235875   236054  +3     9.67
orf00324   236057   236431  +2    11.72
orf00326   237110   236403  -3    13.40
orf00327   237157   237552  +1    14.56
orf00328   237582   238961  +3    16.28
orf00329   238973   239626  +2    14.12
orf00330   239636   240004  +2     8.65
orf00331   240132   242033  +3    12.15
orf00333   242033   244378  +2    13.38
orf00334   245406   244375  -1    13.66
orf00335   245442   247235  +3    13.22
orf00336   247216   247719  +1     8.78
orf00337   248302   247712  -2    10.13
orf00338   249212   248286  -3    11.42
orf00339   249757   249212  -2     8.25
orf00340   249958   250617  +1    11.16
orf00341   250617   250805  +3     6.44
orf00342   250807   251250  +1    13.46
orf00344   251253   251597  +3    10.75
orf00345   251590   252396  +1     9.14
orf00346   252362   253804  +2    10.36
orf00347   253788   254411  +3    13.29
orf00348   254430   255401  +3    12.88
orf00350   255404   256930  +2    11.97
orf00351   257850   258971  +3    16.52
orf00354   258989   264406  +2    13.07
orf00358   264409   265449  +1    12.70
orf00359   265442   265837  +2    16.03
orf00361   266166   265885  -1     8.04
orf00362   266476   266901  +1    10.53
orf00363   266891   267820  +2    12.48
orf00364   267822   268190  +3    12.27
orf00365   268196   269056  +2    12.26
orf00366   269059   270168  +1    13.83
orf00367   270214   271683  +1     7.51
orf00369   271649   273127  +2     8.81
orf00370   273269   273129  -3     9.82
orf00371   273430   273621  +1     3.60
orf00372   273596   274459  +2    10.75
orf00373   274459   274941  +1     7.43
orf00375   274947   275969  +3     9.98
orf00376   275973   276434  +3     8.02
orf00377   276453   278618  +3    11.59
orf00378   278711   279013  +2    10.47
orf00379   279006   279305  +3    10.04
orf00380   279298   279612  +1     9.15
orf00381   279605   280480  +2    12.50
orf00382   280470   280892  +3     6.94
orf00383   280885   281769  +1    13.12
orf00384   281799   283133  +3    13.90
orf00385   283202   285589  +2    12.83
orf00386   286638   285586  -1    12.21
orf00388   286691   288553  +2     8.12
orf00389   288559   289116  +1     9.69
orf00390   289317   290450  +3    10.09
orf00391   290453   291133  +2     9.18
orf00392   291139   293250  +1    11.23
orf00393   293253   293750  +3    11.44
orf00394   293743   294588  +1    12.99
orf00396   295291   294572  -2     4.52
orf00397   295445   295278  -3     5.28
orf00398   295933   295454  -2     7.89
orf00399   297410   295917  -3    12.39
orf00401   299278   297455  -2    10.32
orf00403   300608   299268  -3     9.07
orf00404   301356   300628  -1    10.37
orf00406   302645   301359  -3    10.55
orf00407   304626   302650  -1    11.94
orf00409   304805   306457  +2     7.89
orf00410   306624   307394  +3     9.18
orf00412   307440   307733  +3     5.87
orf00413   307733   308812  +2    13.35
orf00414   308813   309139  +2     8.16
orf00415   309421   310182  +1     8.63
orf00417   310313   311848  +2    12.63
orf00419   312013   312609  +1    10.02
orf00420   312647   313048  +2     5.52
orf00421   313164   313292  +3     8.55
orf00424   313336   313677  +1     5.16
orf00425   313996   315021  +1    12.64
orf00426   315256   315486  +1    10.42
orf00427   315490   318114  +1    10.99
orf00428   318121   318996  +1    13.04
orf00429   318996   319850  +3    10.40
orf00430   319966   320841  +1    11.98
orf00432   322203   321367  -1     8.99
orf00433   324600   322222  -1    10.57
orf00434   324948   324601  -1     6.70
orf00435   325668   324982  -1    10.31
orf00436   326841   325819  -1    13.86
orf00437   327220   326834  -2    14.63
orf00440   328232   327222  -3    11.98
orf00442   328443   328243  -1    12.80
orf00443   329615   328413  -3    12.01
orf00444   330773   329619  -3    12.92
orf00446   332004   331024  -1    11.71
orf00447   333098   332022  -3    12.16
orf00448   334562   333126  -3    12.43
orf00450   335187   334645  -1    14.19
orf00452   338038   335201  -2     7.56
orf00453   338156   340318  +2    11.36
orf00454   340971   340315  -1    11.57
orf00455   341761   340964  -2    12.13
orf00456   343492   341822  -2    13.19
orf00457   344639   344154  -3    11.23
orf00458   344820   344954  +3     9.39
orf00459   344971   346422  +1    11.09
orf00460   346643   347041  +2     2.98
orf00461   347004   348047  +3     9.45
orf00462   348050   348640  +2    10.60
orf00463   348672   348929  +3    10.74
orf00464   349074   349385  +3     3.19
orf00465   349571   349428  -3     1.77
orf00466   349591   350097  +1     3.28
orf00468   350239   351612  +1    12.92
orf00469   352822   351578  -2    11.33
orf00471   353469   353086  -1     4.96
orf00473   353811   354917  +3     7.95
orf00474   354907   355644  +1     9.76
orf00475   355634   357265  +2     6.98
orf00476   357678   357262  -1     8.05
orf00478   360380   357678  -3    10.49
orf00480   361172   360438  -3    10.54
orf00482   362583   361165  -1     9.40
orf00483   363519   362707  -1     9.61
orf00484   363809   363552  -3    10.09
orf00485   364201   363812  -2     8.58
orf00486   365361   364321  -1    13.77
orf00487   366405   365368  -1    16.71
orf00488   368315   366414  -3    13.39
orf00489   369480   368518  -1    15.07
orf00490   370733   369498  -3    12.98
orf00492   371748   370735  -1    11.30
orf00493   372732   371779  -1     8.30
orf00494   373784   372711  -3    12.10
orf00495   374578   373766  -2    10.29
orf00498   376491   374704  -1    12.69
orf00500   377759   376578  -3    10.13
orf00501   381295   377759  -2    12.54
orf00503   382512   381280  -1     8.89
orf00504   386196   382519  -1    12.41
orf00505   386250   387056  +3    11.32
orf00506   387680   387063  -3     9.17
orf00507   391122   387703  -1    15.40
orf00508   392045   391182  -3    10.11
orf00509   393421   392090  -2    11.24
orf00510   394161   393445  -1     9.36
orf00511   395371   394262  -2     5.33
orf00513   397211   395412  -3     8.75
orf00514   397462   397226  -2    13.38
orf00516   398070   397471  -1    10.92
orf00519   398623   398087  -2    11.49
orf00520   399587   398727  -3     8.89
orf00521   402549   402725  +3     5.97
orf00522   402550   399908  -2    12.48
orf00523   402924   402781  -1     6.09
orf00526   405203   403506  -3     8.97
orf00527   405239   405922  +2    14.84
orf00528   406242   406421  +3     0.60
orf00529   407522   406758  -3     8.20
orf00530   408576   407512  -1     8.97
orf00531   408737   408576  -3     0.22
orf00532   409641   408754  -1    11.81
orf00533   410331   409654  -1     7.78
orf00535   412011   410446  -1    14.35
orf00536   412715   412125  -3    12.89
orf00537   414100   412754  -2    11.74
orf00538   414757   414104  -2    11.15
orf00539   415404   414766  -1    10.02
orf00540   416111   415392  -3    12.32
orf00541   416711   416118  -3    11.42
orf00542   419261   416748  -3     9.28
orf00543   419826   419251  -1     7.56
orf00544   420055   419834  -2     8.33
orf00545   420114   421139  +3     6.83
orf00546   421248   422474  +3     8.75
orf00547   422478   422894  +3    10.25
orf00548   426693   422881  -1    10.79
orf00549   427893   426871  -1     9.58
orf00550   428107   428436  +1     7.60
orf00551   428415   428759  +3     5.98
orf00552   428716   429087  +1    12.06
orf00553   429071   429259  +2    15.06
orf00554   429263   429502  +2     5.80
orf00555   429459   429716  +3     5.44
orf00558   429832   430116  +1     3.98
orf00559   430178   430321  +2     0.47
orf00560   434196   430318  -1    11.40
orf00561   438378   434206  -1    12.09
orf00562   438944   438468  -3     9.31
orf00563   440093   439053  -3     8.88
orf00564   440618   440097  -3     8.55
orf00565   443591   440928  -3     9.26
orf00566   443659   444159  +1     4.49
orf00567   444150   444782  +3    10.70
orf00568   445901   444933  -3    10.93
orf00569   446308   446159  -2     3.32
orf00570   446354   447523  +2     9.11
orf00571   447523   448458  +1     8.98
orf00572   449350   448676  -2     6.05
orf00573   449398   449952  +1     7.35
orf00574   449976   450455  +3     5.23
orf00575   450781   450452  -2     5.71
orf00576   450930   451343  +3     7.79
orf00577   453490   451346  -2    10.46
orf00578   454486   453644  -2     8.68
orf00580   455680   454499  -2    10.56
orf00582   455788   455997  +1     4.11
orf00583   456159   456485  +3     1.67
orf00584   456488   457105  +2     8.66
orf00585   457080   458003  +3     6.79
orf00586   459228   457993  -1     7.77
orf00587   459348   459836  +3     8.43
orf00588   459859   460227  +1    15.79
orf00590   460684   460418  -2    10.87
orf00591   460897   461421  +1    10.31
orf00592   461414   462349  +2     4.80
orf00593   462351   463718  +3     7.16
orf00594   463946   464353  +2     7.85
orf00595   465165   464377  -1    10.60
orf00596   466141   465155  -2     7.23
orf00597   467781   466141  -1     7.46
orf00598   468854   467883  -3     4.38
orf00600   469815   468841  -1     5.84
orf00601   470965   469808  -2    10.31
orf00602   471797   470952  -3     9.07
orf00603   472622   471798  -3     4.18
orf00604   474309   472615  -1     6.03
orf00605   474605   474309  -3     3.65
orf00606   475210   474629  -2    13.69
orf00607   476870   475257  -3     9.03
orf00608   476899   478317  +1     9.47
orf00609   478359   478736  +3     6.96
orf00610   478729   479307  +1     7.41
orf00611   479300   479956  +2     5.30
orf00613   480421   481062  +1     7.25
orf00614   481805   481059  -3    11.16
orf00615   483099   481798  -1    10.32
orf00616   483275   483099  -3     4.01
orf00617   483715   483257  -2     1.62
orf00618   484428   483718  -1     4.70
orf00620   489281   484431  -3    11.49
orf00621   490439   489567  -3     9.16
orf00623   490891   490427  -2     2.76
orf00624   491258   490875  -3     4.84
orf00625   493244   491262  -3     9.79
orf00627   494695   493352  -2    10.17
orf00629   496343   494712  -3    13.31
orf00631   496658   496356  -3     9.89
orf00632   498034   496814  -2    10.62
orf00633   499618   498044  -2    10.22
orf00635   500008   499727  -2     8.30
orf00636   500447   499989  -3     8.69
orf00637   502148   500448  -3     8.43
orf00638   502551   502150  -1    10.09
orf00639   503986   502556  -2    12.13
orf00640   504797   503988  -3     9.14
orf00641   506383   504827  -2    11.32
orf00642   506929   506399  -2    10.23
orf00643   507548   506922  -3    10.81
orf00644   507859   507551  -2    11.26
orf00645   508740   507862  -1     6.77
orf00646   508767   509198  +3     5.69
orf00647   510564   509188  -1    11.56
orf00648   510631   511104  +1     7.03
orf00650   511778   511101  -3     5.55
orf00651   512770   511781  -2     8.98
orf00653   513585   512755  -1     6.71
orf00654   513881   513648  -3     8.16
orf00655   514717   513989  -2     7.75
orf00656   515850   514717  -1     9.74
orf00657   519081   515971  -1     7.50
orf00658   521140   519146  -2     8.90
orf00659   521593   521195  -2     6.75
orf00660   522039   521599  -1     6.29
orf00661   523870   522077  -2     9.99
orf00662   526734   523876  -1    10.16
orf00663   529219   526712  -2     8.22
orf00664   530942   529257  -3    10.91
orf00665   531205   530945  -2     6.67
orf00666   531394   531522  +1     6.20
orf00667   531780   532742  +3     7.22
orf00668   532765   532959  +1     2.18
orf00670   532995   533420  +3     4.35
orf00671   533531   534046  +2     4.11
orf00672   535761   534043  -1    11.69
orf00673   537288   535765  -1     9.86
orf00675   538015   537281  -2    11.88
orf00676   539271   538075  -1     8.61
orf00677   539357   540253  +2    13.03
orf00678   540234   540965  +3    11.98
orf00679   540965   541516  +2    10.28
orf00680   541517   542710  +2     8.18
orf00682   542730   543881  +3     8.83
orf00684   545104   544286  -2    10.37
orf00685   545928   545104  -1     8.73
orf00687   545904   546032  +3     1.29
orf00688   546432   546022  -1     1.46
orf00690   547370   546603  -3    10.34
orf00691   547692   547387  -1     4.41
orf00692   548483   547686  -3     7.84
orf00693   548473   548592  +1     6.81
orf00694   548948   548589  -3    10.51
orf00695   549564   548932  -1     9.62
orf00697   549896   549627  -3     3.52
orf00698   550943   550527  -3     6.12
orf00699   552169   550949  -2     9.07
orf00700   552622   552170  -2     7.89
orf00701   553020   552586  -1     7.54
orf00702   553208   553041  -3     8.96
orf00703   554153   553281  -3     8.81
orf00704   555337   554153  -2    13.51
orf00705   555420   556175  +3     4.87
orf00707   556160   557038  +2    13.66
orf00708   557450   557028  -3    11.88
orf00709   557482   558672  +1    12.08
orf00710   559666   558662  -2    10.13
orf00711   560235   559654  -1     7.07
orf00712   562324   560219  -2    13.05
orf00713   562483   562325  -2     5.35
orf00714   563029   562502  -2    10.24
orf00716   563540   563031  -3     8.58
orf00718   563713   564651  +1    11.86
orf00719   565925   564648  -3     9.83
orf00720   567360   565906  -1    10.76
orf00721   568126   567347  -2     7.51
orf00722   569276   568119  -3     9.69
orf00724   569613   569248  -1     3.66
orf00725   569749   569603  -2    10.16
orf00726   570710   569775  -3     9.67
orf00727   576065   570714  -3     8.78
orf00728   576931   576071  -2     9.26
orf00729   578301   576988  -1     8.89
orf00730   578954   578301  -3     8.56
orf00731   579561   578944  -1     4.62